36
37
45
87
3
6
13
43
60
55
63
99
71
10
72
69
54
26
5
85
92
48
10
50
51
6
19
35
24
95
3
29
13
54
23
29
20
6
44
22
47
36
98
58
99
80
65
55
84
70
29
63
33
50
19
7
91
8
22
28
86
91
50
16
18
29
87
5
85
63
51
1
91
61
76
10
84
95
96
34
79
32
98
100
29
57
68
83
31
48
12
53
77
11
44
87
68
22
6
41
59
77
53
67
51
100
97
67
64
93
25
36
61
26
25
73
75
33
56
72
60
72
9
33
93
100
52
74
84
93
54
99
55
58
80
100
42
77
72
81
83
97
75
23
93
24
14
53
61
16
10
21
5
31
48
70
1
95
34
95
97
4
15
57
17
17
78
1
21
10
67
77
98
26
40
83
31
43
38
75
63
22
21
33
38
21
39
88
75
48
43
100
37
60
35
81
23
20
98
33
19
68
26
83
91
2
21
42
88
70
19
28
86
35
91
47
30
17
51
18
88
41
94
40
21
21
73
13
25
38
9
28
23
40
1
73
3
80
60
73
54
22
94
37
79
37
37
67
51
66
36
76
23
4
92
72
31
77
90
48
78
67
37
86
70
15
13
59
69
91
73
20
58
81
14
77
49
75
78
84
54
60
29
51
20
84
76
6
9
73
80
99
17
31
98
56
27
12
48
46
93
26
40
7
50
28
48
36
11
65
93
52
80
83
44
7
59
81
48
57
75
56
37
87
27
46
90
65
84
85
85
6
46
28
84
30
92
9
72
19
68
88
57
7
52
15
62
60
88
18
11
37
24
95
56
1
76
100
70
4
92
56
1
1
55
68
92
19
20
76
6
87
68
96
16
75
46
30
41
59
66
53
88
72
6
81
40
15
66
2
54
36
28
14
5
69
3
90
7
57
46
97
97
68
37
22
51
92
14
99
54
44
4
40
80
20
7
100
63
15
98
14
84
85
26
32
77
69
64
86
26
66
1
9
53
40
95
15
5
12
94
23
90
72
88
69
45
50
2
68
80
9
46
99
15
4
72
84
1
46
23
56
22
86
80
10
59
93
62
61
70
43
30
34
24
63
48
57
44
20
43
66
12
5
38
96
3
64
47
36
3
29
18
97
13
90
90
47
19
5
23
85
53
56
11
38
59
100
65
13
75
53
24
100
33
40
41
62
64
14
78
22
45
38
32
13
20
44
1
59
37
40
52
17
13
12
95
59
92
96
7
12
96
56
55
65
75
20
6
21
9
72
15
22
93
22
17
51
54
63
57
97
83
97
23
82
29
46
54
30
47
98
11
3
95
91
45
71
84
67
36
96
64
38
6
43
63
1
26
16
9
25
29
33
31
15
75
80
98
79
52
1
43
75
31
87
32
81
56
8
91
18
37
91
68
12
75
55
42
72
75
3
13
28
24
93
58
54
41
94
49
83
14
3
75
63
67
83
54
49
9
56
5
96
68
81
48
61
76
72
47
42
58
65
30
60
32
57
67
99
48
46
12
92
52
48
66
7
72
64
87
57
55
32
26
21
63
56
6
58
63
10
4
96
51
56
38
45
58
69
22
82
44
81
34
63
57
26
50
52
55
58
6
19
25
53
84
94
30
70
91
76
17
19
51
97
67
36
10
1
36
30
90
38
86
58
99
97
47
94
61
6
73
98
71
57
47
72
4
40
13
61
66
82
53
9
30
78
61
91
49
87
21
7
47
96
85
44
56
17
44
63
19
45
11
44
85
20
90
60
66
11
89
31
32
62
64
33
10
88
70
84
90
53
21
39
50
73
91
68
80
72
33
31
46
68
27
23
100
55
20
3
32
94
33
48
19
68
75
39
94
16
99
75
44
83
73
52
92
95
74
32
87
85
34
18
20
21
88
44
9
50
5
83
86
57
18
87
25
44
5
31
52
38
81
41
74
64
92
14
92
92
79
46
70
62
79
23
62
53
45
93
69
75
1
46
68
53
78
22
40
68
9
55
70
80
60
7
47
15
94
44
9
44
73
44
29
1
11
17
12
69
28
36
52
72
77
93
14
10
99
100
84
87
2
3
5
15
67
75
41
13
51
1
27
78
18
30
26
93
33
81
57
39
23
12
65
71
74
67
55
75
12
27
53
76
42
93
11
95
67
93
84
63
25
35
74
99
69
99
37
43
6
49
60
39
73
33
20
96
18
17
3
86
84
89
26
65
80
20
15
52
90
10
76
23
89
45
27
36
61
41
71
86
39
7
6
24
9
99
76
24
45
53
36
85
12
51
59
37