# Blender v2.79 (sub 0) OBJ File: ''
# www.blender.org
o Cube.005_Cube.007
v 2.798203 1.663558 2.026751
v 2.798203 -0.129652 2.026751
v 1.769660 -0.129652 0.557840
v -0.139619 1.663555 4.083838
v -0.139619 -0.129655 4.083837
v 1.329292 -0.129652 3.055294
v -2.196705 1.663558 1.146015
v -2.196705 -0.129652 1.146015
v -1.168162 -0.129652 2.614926
v 0.741117 1.663558 -0.911071
v 0.741117 -0.129652 -0.911071
v -0.727794 -0.129652 0.117472
v 1.329292 3.456768 3.055295
v 2.798203 3.456768 2.026752
v 1.769660 3.456768 0.557843
v 1.769660 1.663558 0.557840
v 1.329292 1.663558 3.055294
v -0.139619 3.456765 4.083838
v -1.168162 1.663558 2.614926
v -1.168162 3.456768 2.614928
v -2.196705 3.456768 1.146018
v -0.727794 1.663558 0.117472
v -0.727794 3.456768 0.117475
v 0.741117 3.456768 -0.911068
v 0.300749 -0.129652 1.586383
v 0.300749 3.456768 1.586386
s off
f 1 2 3
f 4 5 6
f 7 8 9
f 10 11 12
f 6 5 9
f 13 14 15
f 16 3 11
f 15 16 10
f 14 1 16
f 17 6 2
f 13 17 1
f 18 4 17
f 19 9 5
f 20 19 4
f 21 7 19
f 22 12 8
f 23 22 7
f 24 10 22
f 25 9 8
f 3 25 12
f 2 6 25
f 23 26 15
f 21 20 26
f 20 18 13
f 16 1 3
f 17 4 6
f 19 7 9
f 22 10 12
f 25 6 9
f 26 13 15
f 10 16 11
f 24 15 10
f 15 14 16
f 1 17 2
f 14 13 1
f 13 18 17
f 4 19 5
f 18 20 4
f 20 21 19
f 7 22 8
f 21 23 7
f 23 24 22
f 12 25 8
f 11 3 12
f 3 2 25
f 24 23 15
f 23 21 26
f 26 20 13
o light_Plane
v 1.255260 29.607453 3.321886
v 6.590550 29.607453 -2.013404
v 6.590550 29.607453 3.321886
v 1.255260 29.607453 -2.013404
s off
f 27 28 29
f 27 30 28
o Cube.010_Cube.012
v 9.111158 5.106702 -1.360523
v 9.111158 3.313493 -1.360523
v 7.371215 3.313493 -1.794339
v 8.243526 5.106699 2.119365
v 8.243526 3.313493 2.119365
v 8.677342 3.313493 0.379421
v 4.763639 5.106702 1.251733
v 4.763639 3.313493 1.251733
v 6.503583 3.313493 1.685549
v 5.631271 5.106702 -2.228155
v 5.631271 3.313493 -2.228158
v 5.197455 3.313493 -0.488211
v 8.677342 6.899912 0.379421
v 9.111158 6.899912 -1.360523
v 7.371215 6.899912 -1.794339
v 7.371215 5.106702 -1.794339
v 8.677342 5.106702 0.379421
v 8.243526 6.899909 2.119365
v 6.503583 5.106699 1.685549
v 6.503583 6.899909 1.685549
v 4.763639 6.899912 1.251733
v 5.197455 5.106702 -0.488211
v 5.197455 6.899912 -0.488211
v 5.631271 6.899912 -2.228155
v 6.937399 3.313493 -0.054395
v 6.937399 6.899912 -0.054395
s off
f 31 32 33
f 34 35 36
f 37 38 39
f 40 41 42
f 36 35 39
f 43 44 45
f 46 33 41
f 45 46 40
f 44 31 46
f 47 36 32
f 43 47 31
f 48 34 47
f 49 39 35
f 50 49 34
f 51 37 49
f 52 42 38
f 53 52 37
f 54 40 52
f 55 39 38
f 33 55 42
f 32 36 55
f 56 45 54
f 50 56 53
f 48 43 56
f 46 31 33
f 47 34 36
f 49 37 39
f 52 40 42
f 55 36 39
f 56 43 45
f 40 46 41
f 54 45 40
f 45 44 46
f 31 47 32
f 44 43 31
f 43 48 47
f 34 49 35
f 48 50 34
f 50 51 49
f 37 52 38
f 51 53 37
f 53 54 52
f 42 55 38
f 41 33 42
f 33 32 55
f 53 56 54
f 51 50 53
f 50 48 56
o floor_Grid.033
v -17.000000 -0.000009 17.000000
v -15.018610 -0.000009 17.000000
v -15.018610 -0.000006 11.897648
v -13.037220 -0.000009 17.000000
v -10.245884 -0.000009 17.000000
v -10.245884 -0.000006 11.897648
v -7.454547 -0.000009 17.000000
v -4.296129 -0.000009 17.000000
v -4.296129 -0.000006 11.897648
v -1.137710 -0.000009 17.000000
v 2.542976 -0.000009 17.000000
v 2.542976 -0.000006 11.897648
v 6.223661 -0.000009 17.000000
v 11.611831 -0.000009 17.000000
v 11.611831 -0.000006 11.897648
v -17.000000 -0.000003 6.795296
v -15.018610 -0.000003 6.795296
v -15.018610 -0.000000 2.531139
v -13.037220 -0.000003 6.795296
v -10.245884 -0.000003 6.795296
v -10.245884 -0.000000 2.531139
v -7.454547 -0.000003 6.795296
v -4.296128 -0.000003 6.795296
v -4.296129 -0.000000 2.531139
v -1.137710 -0.000003 6.795296
v 2.542975 -0.000003 6.795296
v 2.542976 -0.000000 2.531139
v 6.223661 -0.000003 6.795296
v 11.611831 -0.000003 6.795296
v 11.611831 -0.000000 2.531139
v -17.000000 0.000000 -1.733018
v -15.018610 0.000000 -1.733018
v -15.018610 0.000003 -5.072842
v -13.037220 0.000000 -1.733018
v -10.245884 0.000000 -1.733018
v -10.245884 0.000003 -5.072842
v -7.454547 0.000000 -1.733018
v -4.296128 0.000000 -1.733018
v -4.296129 0.000003 -5.072842
v -1.137710 0.000000 -1.733018
v 2.542975 0.000000 -1.733018
v 2.542976 0.000003 -5.072842
v 6.223661 0.000000 -1.733018
v 11.611831 0.000000 -1.733018
v 11.611831 0.000003 -5.072842
v -17.000000 0.000003 -8.412665
v -15.018610 0.000003 -8.412665
v -15.018610 0.000006 -10.818269
v -13.037220 0.000003 -8.412665
v -10.245884 0.000003 -8.412665
v -10.245884 0.000006 -10.818269
v -7.454547 0.000003 -8.412665
v -4.296128 0.000003 -8.412665
v -4.296129 0.000006 -10.818269
v -1.137710 0.000003 -8.412665
v 2.542975 0.000003 -8.412665
v 2.542976 0.000006 -10.818269
v 6.223661 0.000003 -8.412665
v 11.611831 0.000003 -8.412665
v 11.611831 0.000006 -10.818269
v -17.000000 0.000006 -13.223872
v -15.018610 0.000006 -13.223872
v -15.018610 0.000006 -15.111937
v -13.037220 0.000006 -13.223872
v -10.245884 0.000006 -13.223872
v -10.245884 0.000006 -15.111937
v -7.454547 0.000006 -13.223872
v -4.296128 0.000006 -13.223872
v -4.296129 0.000006 -15.111937
v -1.137710 0.000006 -13.223872
v 2.542975 0.000006 -13.223872
v 2.542976 0.000006 -15.111937
v 6.223661 0.000006 -13.223872
v 11.611831 0.000006 -13.223872
v 11.611831 0.000006 -15.111937
v -17.000000 -0.000006 11.897648
v -13.037220 -0.000006 11.897648
v -7.454547 -0.000006 11.897648
v -1.137710 -0.000006 11.897648
v 6.223661 -0.000006 11.897648
v -17.000000 -0.000000 2.531139
v -13.037220 -0.000000 2.531139
v -7.454547 -0.000000 2.531139
v -1.137710 -0.000000 2.531139
v 6.223661 -0.000000 2.531139
v -17.000000 0.000003 -5.072842
v -13.037220 0.000003 -5.072842
v -7.454547 0.000003 -5.072842
v -1.137710 0.000003 -5.072842
v 6.223661 0.000003 -5.072842
v -17.000000 0.000006 -10.818269
v -13.037220 0.000006 -10.818269
v -7.454547 0.000006 -10.818269
v -1.137710 0.000006 -10.818269
v 6.223661 0.000006 -10.818269
v -17.000000 0.000009 -17.000000
v -17.000000 0.000006 -15.111937
v -15.018610 0.000009 -17.000000
v -13.037220 0.000009 -17.000000
v -13.037220 0.000006 -15.111937
v -10.245884 0.000009 -17.000000
v -7.454547 0.000009 -17.000000
v -7.454547 0.000006 -15.111937
v -4.296128 0.000009 -17.000000
v -1.137710 0.000009 -17.000000
v -1.137710 0.000006 -15.111937
v 2.542975 0.000009 -17.000000
v 6.223661 0.000009 -17.000000
v 6.223661 0.000006 -15.111937
v 11.611831 0.000009 -17.000000
v 17.000000 -0.000006 11.897648
v 17.000000 -0.000003 6.795296
v 17.000000 -0.000009 17.000000
v 17.000000 -0.000000 2.531139
v 17.000000 0.000000 -1.733018
v 17.000000 0.000003 -5.072842
v 17.000000 0.000003 -8.412665
v 17.000000 0.000006 -10.818269
v 17.000000 0.000006 -13.223872
v 17.000000 0.000006 -15.111937
v 17.000000 0.000009 -17.000000
s off
f 57 58 59
f 60 61 62
f 63 64 65
f 66 67 68
f 69 70 71
f 72 73 74
f 75 76 77
f 78 79 80
f 81 82 83
f 84 85 86
f 87 88 89
f 90 91 92
f 93 94 95
f 96 97 98
f 99 100 101
f 102 103 104
f 105 106 107
f 108 109 110
f 111 112 113
f 114 115 116
f 117 118 119
f 120 121 122
f 123 124 125
f 126 127 128
f 129 130 131
f 72 132 73
f 75 133 76
f 78 134 79
f 81 135 82
f 84 136 85
f 87 137 88
f 90 138 91
f 93 139 94
f 96 140 97
f 99 141 100
f 102 142 103
f 105 143 106
f 108 144 109
f 111 145 112
f 114 146 115
f 117 147 118
f 120 148 121
f 123 149 124
f 126 150 127
f 129 151 130
f 152 153 154
f 155 156 157
f 158 159 160
f 161 162 163
f 164 165 166
f 59 133 75
f 59 58 133
f 58 60 133
f 62 134 78
f 62 61 134
f 61 63 134
f 65 135 81
f 65 64 135
f 64 66 135
f 68 136 84
f 68 67 136
f 67 69 136
f 71 167 168
f 71 70 167
f 70 169 167
f 74 138 90
f 74 73 138
f 73 75 138
f 77 139 93
f 77 76 139
f 76 78 139
f 80 140 96
f 80 79 140
f 79 81 140
f 83 141 99
f 83 82 141
f 82 84 141
f 86 170 171
f 86 85 170
f 85 168 170
f 89 143 105
f 89 88 143
f 88 90 143
f 92 144 108
f 92 91 144
f 91 93 144
f 95 145 111
f 95 94 145
f 94 96 145
f 98 146 114
f 98 97 146
f 97 99 146
f 101 172 173
f 101 100 172
f 100 171 172
f 104 148 120
f 104 103 148
f 103 105 148
f 107 149 123
f 107 106 149
f 106 108 149
f 110 150 126
f 110 109 150
f 109 111 150
f 113 151 129
f 113 112 151
f 112 114 151
f 116 174 175
f 116 115 174
f 115 173 174
f 119 156 155
f 119 118 156
f 118 120 156
f 122 159 158
f 122 121 159
f 121 123 159
f 125 162 161
f 125 124 162
f 124 126 162
f 128 165 164
f 128 127 165
f 127 129 165
f 131 176 177
f 131 130 176
f 130 175 176
f 73 59 75
f 73 132 59
f 132 57 59
f 76 62 78
f 76 133 62
f 133 60 62
f 79 65 81
f 79 134 65
f 134 63 65
f 82 68 84
f 82 135 68
f 135 66 68
f 85 71 168
f 85 136 71
f 136 69 71
f 88 74 90
f 88 137 74
f 137 72 74
f 91 77 93
f 91 138 77
f 138 75 77
f 94 80 96
f 94 139 80
f 139 78 80
f 97 83 99
f 97 140 83
f 140 81 83
f 100 86 171
f 100 141 86
f 141 84 86
f 103 89 105
f 103 142 89
f 142 87 89
f 106 92 108
f 106 143 92
f 143 90 92
f 109 95 111
f 109 144 95
f 144 93 95
f 112 98 114
f 112 145 98
f 145 96 98
f 115 101 173
f 115 146 101
f 146 99 101
f 118 104 120
f 118 147 104
f 147 102 104
f 121 107 123
f 121 148 107
f 148 105 107
f 124 110 126
f 124 149 110
f 149 108 110
f 127 113 129
f 127 150 113
f 150 111 113
f 130 116 175
f 130 151 116
f 151 114 116
f 154 119 155
f 154 153 119
f 153 117 119
f 157 122 158
f 157 156 122
f 156 120 122
f 160 125 161
f 160 159 125
f 159 123 125
f 163 128 164
f 163 162 128
f 162 126 128
f 166 131 177
f 166 165 131
f 165 129 131
o front-wall_Grid.014
v 17.000000 3.749991 16.999979
v 17.000000 -0.000009 16.999971
v 12.750000 -0.000009 16.999971
v 0.000000 3.749991 16.999979
v 0.000000 -0.000009 16.999971
v -4.250000 -0.000009 16.999971
v 0.000000 18.749994 17.000019
v 0.000000 14.999991 17.000006
v -4.250000 14.999991 17.000006
v 17.000000 18.749994 17.000019
v 17.000000 14.999991 17.000006
v 12.750000 14.999991 17.000006
v 8.500000 3.749991 16.999979
v 8.500000 -0.000009 16.999971
v 4.250000 -0.000009 16.999971
v 8.500000 11.249991 16.999998
v 8.500000 7.499991 16.999990
v 4.250000 7.499991 16.999990
v 17.000000 11.249991 16.999998
v 17.000000 7.499991 16.999990
v 12.750000 7.499991 16.999990
v -8.500000 3.749991 16.999979
v -8.500000 -0.000009 16.999971
v -12.750000 -0.000009 16.999971
v -8.500000 11.249991 16.999998
v -8.500000 7.499991 16.999990
v -12.750000 7.499991 16.999990
v 0.000000 11.249991 16.999998
v 0.000000 7.499991 16.999990
v -4.250000 7.499991 16.999990
v -8.500000 18.749994 17.000019
v -8.500000 14.999991 17.000006
v -12.750000 14.999991 17.000006
v -8.500000 26.249994 17.000032
v -8.500000 22.499994 17.000027
v -12.750000 22.499994 17.000027
v 0.000000 26.249994 17.000032
v 0.000000 22.499994 17.000027
v -4.250000 22.499994 17.000027
v 8.500000 18.749994 17.000019
v 8.500000 14.999991 17.000006
v 4.250000 14.999991 17.000006
v 8.500000 26.249994 17.000032
v 8.500000 22.499994 17.000027
v 4.250000 22.499994 17.000027
v 17.000000 26.249994 17.000032
v 17.000000 22.499994 17.000027
v 12.750000 22.499994 17.000027
v 12.750000 3.749991 16.999979
v -4.250000 3.749991 16.999979
v -4.250000 18.749994 17.000019
v 12.750000 18.749994 17.000019
v 4.250000 3.749991 16.999979
v 4.250000 11.249991 16.999998
v 12.750000 11.249991 16.999998
v -12.750000 3.749991 16.999979
v -17.000000 -0.000009 16.999971
v -17.000000 3.749991 16.999979
v -12.750000 11.249991 16.999998
v -17.000000 7.499991 16.999990
v -17.000000 11.249991 16.999998
v -4.250000 11.249991 16.999998
v -12.750000 18.749994 17.000019
v -17.000000 14.999991 17.000006
v -17.000000 18.749994 17.000019
v -12.750000 26.249994 17.000032
v -17.000000 22.499994 17.000027
v -12.750000 29.999994 17.000046
v -17.000000 26.249994 17.000032
v -8.500000 29.999994 17.000046
v -4.250000 26.249994 17.000032
v -4.250000 29.999994 17.000046
v 0.000000 29.999994 17.000046
v 4.250000 18.749994 17.000019
v 4.250000 26.249994 17.000032
v 4.250000 29.999994 17.000046
v 8.500000 29.999994 17.000046
v 12.750000 26.249994 17.000032
v 12.750000 29.999994 17.000046
v 17.000000 29.999994 17.000046
v -17.000000 29.999994 17.000046
s off
f 178 179 180
f 181 182 183
f 184 185 186
f 187 188 189
f 190 191 192
f 193 194 195
f 196 197 198
f 199 200 201
f 202 203 204
f 205 206 207
f 208 209 210
f 211 212 213
f 214 215 216
f 217 218 219
f 220 221 222
f 223 224 225
f 226 180 191
f 198 226 190
f 197 178 226
f 227 183 200
f 207 227 199
f 206 181 227
f 228 186 209
f 216 228 208
f 215 184 228
f 229 189 218
f 225 229 217
f 224 187 229
f 230 192 182
f 195 230 181
f 194 190 230
f 231 195 206
f 219 231 205
f 218 193 231
f 232 198 194
f 189 232 193
f 188 196 232
f 233 201 234
f 204 233 235
f 203 199 233
f 236 204 237
f 210 236 238
f 209 202 236
f 239 207 203
f 186 239 202
f 185 205 239
f 240 210 241
f 213 240 242
f 212 208 240
f 243 213 244
f 245 243 246
f 247 211 243
f 248 216 212
f 249 248 211
f 250 214 248
f 251 219 185
f 222 251 184
f 221 217 251
f 252 222 215
f 253 252 214
f 254 220 252
f 255 225 221
f 256 255 220
f 257 223 255
f 226 178 180
f 227 181 183
f 228 184 186
f 229 187 189
f 230 190 192
f 231 193 195
f 232 196 198
f 233 199 201
f 236 202 204
f 239 205 207
f 240 208 210
f 243 211 213
f 248 214 216
f 251 217 219
f 252 220 222
f 255 223 225
f 190 226 191
f 194 198 190
f 198 197 226
f 199 227 200
f 203 207 199
f 207 206 227
f 208 228 209
f 212 216 208
f 216 215 228
f 217 229 218
f 221 225 217
f 225 224 229
f 181 230 182
f 206 195 181
f 195 194 230
f 205 231 206
f 185 219 205
f 219 218 231
f 193 232 194
f 218 189 193
f 189 188 232
f 235 233 234
f 237 204 235
f 204 203 233
f 238 236 237
f 241 210 238
f 210 209 236
f 202 239 203
f 209 186 202
f 186 185 239
f 242 240 241
f 244 213 242
f 213 212 240
f 246 243 244
f 258 245 246
f 245 247 243
f 211 248 212
f 247 249 211
f 249 250 248
f 184 251 185
f 215 222 184
f 222 221 251
f 214 252 215
f 250 253 214
f 253 254 252
f 220 255 221
f 254 256 220
f 256 257 255
o window_Grid.000
v -17.271681 29.617453 17.088497
v -15.290290 29.617453 17.088497
v -15.290290 29.617455 11.986144
v -13.308900 29.617453 17.088497
v -10.517564 29.617453 17.088497
v -10.517564 29.617455 11.986144
v -7.726227 29.617453 17.088497
v -4.567810 29.617453 17.088497
v -4.567810 29.617455 11.986144
v -1.409390 29.617453 17.088497
v 2.271296 29.617453 17.088497
v 2.271296 29.617455 11.986144
v 5.951981 29.617453 17.088497
v 11.340151 29.617453 17.088497
v 11.340151 29.617455 11.986144
v -17.271681 29.617456 6.883793
v -15.290290 29.617456 6.883793
v -15.290290 29.617460 2.619636
v -13.308900 29.617456 6.883793
v -10.517564 29.617456 6.883793
v -10.517564 29.617460 2.619636
v -7.726227 29.617456 6.883793
v -4.567808 29.617456 6.883793
v -4.567810 29.617460 2.619636
v -1.409390 29.617456 6.883793
v 2.271295 29.617456 6.883793
v 2.271296 29.617460 2.619636
v 5.951981 29.617456 6.883793
v 11.340151 29.617456 6.883793
v 11.340151 29.617460 2.619636
v -17.271681 29.617460 -1.644521
v -15.290290 29.617460 -1.644521
v -15.290290 29.617462 -4.984346
v -13.308900 29.617460 -1.644521
v -10.517564 29.617460 -1.644521
v -10.517564 29.617462 -4.984346
v -7.726227 29.617460 -1.644521
v -4.567808 29.617460 -1.644521
v -4.567810 29.617462 -4.984346
v -1.409390 29.617460 -1.644521
v 2.271295 29.617460 -1.644521
v 2.271296 29.617462 -4.984346
v 5.951981 29.617460 -1.644521
v 11.340151 29.617460 -1.644521
v 11.340151 29.617462 -4.984346
v -17.271681 29.617464 -8.324169
v -15.290290 29.617464 -8.324169
v -15.290290 29.617466 -10.729773
v -13.308900 29.617464 -8.324169
v -10.517564 29.617464 -8.324169
v -10.517564 29.617466 -10.729773
v -7.726227 29.617464 -8.324169
v -4.567808 29.617464 -8.324169
v -4.567810 29.617466 -10.729773
v -1.409390 29.617464 -8.324169
v 2.271295 29.617464 -8.324169
v 2.271296 29.617466 -10.729773
v 5.951981 29.617464 -8.324169
v 11.340151 29.617464 -8.324169
v 11.340151 29.617466 -10.729773
v -17.271681 29.617466 -13.135376
v -15.290290 29.617466 -13.135376
v -15.290290 29.617466 -15.023440
v -13.308900 29.617466 -13.135376
v -10.517564 29.617466 -13.135376
v -10.517564 29.617466 -15.023440
v -7.726227 29.617466 -13.135376
v -4.567808 29.617466 -13.135376
v -4.567810 29.617466 -15.023440
v -1.409390 29.617466 -13.135376
v 2.271295 29.617466 -13.135376
v 2.271296 29.617466 -15.023440
v 5.951981 29.617466 -13.135376
v 11.340151 29.617466 -13.135376
v 11.340151 29.617466 -15.023440
v -17.271681 29.617455 11.986144
v -13.308900 29.617455 11.986144
v -7.726227 29.617455 11.986144
v -1.409390 29.617455 11.986144
v 5.951981 29.617455 11.986144
v -17.271681 29.617460 2.619636
v -13.308900 29.617460 2.619636
v -7.726227 29.617460 2.619636
v -1.409390 29.617460 2.619636
v 5.951981 29.617460 2.619636
v -17.271681 29.617462 -4.984346
v -13.308900 29.617462 -4.984346
v -7.726227 29.617462 -4.984346
v -1.409390 29.617462 -4.984346
v 5.951981 29.617462 -4.984346
v -17.271681 29.617466 -10.729773
v -13.308900 29.617466 -10.729773
v -7.726227 29.617466 -10.729773
v -1.409390 29.617466 -10.729773
v 5.951981 29.617466 -10.729773
v -17.271681 29.617468 -16.911503
v -17.271681 29.617466 -15.023440
v -15.290290 29.617468 -16.911503
v -13.308900 29.617468 -16.911503
v -13.308900 29.617466 -15.023440
v -10.517564 29.617468 -16.911503
v -7.726227 29.617468 -16.911503
v -7.726227 29.617466 -15.023440
v -4.567808 29.617468 -16.911503
v -1.409390 29.617468 -16.911503
v -1.409390 29.617466 -15.023440
v 2.271295 29.617468 -16.911503
v 5.951981 29.617468 -16.911503
v 5.951981 29.617466 -15.023440
v 11.340151 29.617468 -16.911503
v 16.728319 29.617455 11.986144
v 16.728319 29.617456 6.883793
v 16.728319 29.617453 17.088497
v 16.728319 29.617460 2.619636
v 16.728319 29.617460 -1.644521
v 16.728319 29.617462 -4.984346
v 16.728319 29.617464 -8.324169
v 16.728319 29.617466 -10.729773
v 16.728319 29.617466 -13.135376
v 16.728319 29.617466 -15.023440
v 16.728319 29.617468 -16.911503
s off
f 259 260 261
f 262 263 264
f 265 266 267
f 268 269 270
f 271 272 273
f 274 275 276
f 277 278 279
f 280 281 282
f 283 284 285
f 286 287 288
f 289 290 291
f 292 293 294
f 295 296 297
f 298 299 300
f 301 302 303
f 304 305 306
f 307 308 309
f 310 311 312
f 313 314 315
f 316 317 318
f 319 320 321
f 322 323 324
f 325 326 327
f 328 329 330
f 331 332 333
f 274 334 275
f 277 335 278
f 280 336 281
f 283 337 284
f 286 338 287
f 289 339 290
f 292 340 293
f 295 341 296
f 298 342 299
f 301 343 302
f 304 344 305
f 307 345 308
f 310 346 311
f 313 347 314
f 316 348 317
f 319 349 320
f 322 350 323
f 325 351 326
f 328 352 329
f 331 353 332
f 354 355 356
f 357 358 359
f 360 361 362
f 363 364 365
f 366 367 368
f 261 335 277
f 261 260 335
f 260 262 335
f 264 336 280
f 264 263 336
f 263 265 336
f 267 337 283
f 267 266 337
f 266 268 337
f 270 338 286
f 270 269 338
f 269 271 338
f 273 369 370
f 273 272 369
f 272 371 369
f 276 340 292
f 276 275 340
f 275 277 340
f 279 341 295
f 279 278 341
f 278 280 341
f 282 342 298
f 282 281 342
f 281 283 342
f 285 343 301
f 285 284 343
f 284 286 343
f 288 372 373
f 288 287 372
f 287 370 372
f 291 345 307
f 291 290 345
f 290 292 345
f 294 346 310
f 294 293 346
f 293 295 346
f 297 347 313
f 297 296 347
f 296 298 347
f 300 348 316
f 300 299 348
f 299 301 348
f 303 374 375
f 303 302 374
f 302 373 374
f 306 350 322
f 306 305 350
f 305 307 350
f 309 351 325
f 309 308 351
f 308 310 351
f 312 352 328
f 312 311 352
f 311 313 352
f 315 353 331
f 315 314 353
f 314 316 353
f 318 376 377
f 318 317 376
f 317 375 376
f 321 358 357
f 321 320 358
f 320 322 358
f 324 361 360
f 324 323 361
f 323 325 361
f 327 364 363
f 327 326 364
f 326 328 364
f 330 367 366
f 330 329 367
f 329 331 367
f 333 378 379
f 333 332 378
f 332 377 378
f 275 261 277
f 275 334 261
f 334 259 261
f 278 264 280
f 278 335 264
f 335 262 264
f 281 267 283
f 281 336 267
f 336 265 267
f 284 270 286
f 284 337 270
f 337 268 270
f 287 273 370
f 287 338 273
f 338 271 273
f 290 276 292
f 290 339 276
f 339 274 276
f 293 279 295
f 293 340 279
f 340 277 279
f 296 282 298
f 296 341 282
f 341 280 282
f 299 285 301
f 299 342 285
f 342 283 285
f 302 288 373
f 302 343 288
f 343 286 288
f 305 291 307
f 305 344 291
f 344 289 291
f 308 294 310
f 308 345 294
f 345 292 294
f 311 297 313
f 311 346 297
f 346 295 297
f 314 300 316
f 314 347 300
f 347 298 300
f 317 303 375
f 317 348 303
f 348 301 303
f 320 306 322
f 320 349 306
f 349 304 306
f 323 309 325
f 323 350 309
f 350 307 309
f 326 312 328
f 326 351 312
f 351 310 312
f 329 315 331
f 329 352 315
f 352 313 315
f 332 318 377
f 332 353 318
f 353 316 318
f 356 321 357
f 356 355 321
f 355 319 321
f 359 324 360
f 359 358 324
f 358 322 324
f 362 327 363
f 362 361 327
f 361 325 327
f 365 330 366
f 365 364 330
f 364 328 330
f 368 333 379
f 368 367 333
f 367 331 333
o Cube.001
v 1.000000 -1.000000 -1.000000
v 1.000000 -1.000000 1.000000
v -1.000000 -1.000000 1.000000
v -1.000000 -1.000000 -1.000000
v 1.000000 1.000000 -0.999999
v -1.000000 1.000000 -1.000000
v -1.000000 1.000000 1.000000
v 0.999999 1.000000 1.000001
s off
f 380 381 382 383
f 384 385 386 387
f 380 384 387 381
f 381 387 386 382
f 382 386 385 383
f 384 380 383 385
o left-wall_Grid.001
v -16.885387 3.681536 17.001740
v -16.885378 -0.068464 17.001740
v -16.885378 -0.068463 12.751740
v -16.885386 3.681539 0.001741
v -16.885378 -0.068461 0.001740
v -16.885378 -0.068460 -4.248260
v -16.885422 18.681538 0.001743
v -16.885410 14.931539 0.001742
v -16.885410 14.931540 -4.248258
v -16.885422 18.681536 17.001743
v -16.885412 14.931536 17.001741
v -16.885412 14.931537 12.751743
v -16.885387 3.681538 8.501741
v -16.885378 -0.068462 8.501740
v -16.885378 -0.068462 4.251740
v -16.885403 11.181538 8.501742
v -16.885395 7.431538 8.501741
v -16.885395 7.431539 4.251741
v -16.885403 11.181536 17.001741
v -16.885395 7.431536 17.001741
v -16.885395 7.431537 12.751741
v -16.885386 3.681540 -8.498259
v -16.885378 -0.068460 -8.498260
v -16.885378 -0.068459 -12.748260
v -16.885403 11.181540 -8.498258
v -16.885393 7.431540 -8.498259
v -16.885393 7.431541 -12.748259
v -16.885403 11.181539 0.001742
v -16.885395 7.431539 0.001741
v -16.885395 7.431540 -4.248259
v -16.885420 18.681540 -8.498257
v -16.885410 14.931540 -8.498257
v -16.885410 14.931540 -12.748257
v -16.885435 26.181540 -8.498256
v -16.885429 22.431540 -8.498256
v -16.885429 22.431540 -12.748256
v -16.885435 26.181538 0.001744
v -16.885429 22.431538 0.001744
v -16.885429 22.431538 -4.248256
v -16.885422 18.681536 8.501743
v -16.885410 14.931538 8.501743
v -16.885410 14.931538 4.251742
v -16.885435 26.181536 8.501744
v -16.885429 22.431536 8.501744
v -16.885429 22.431538 4.251744
v -16.885437 26.181536 17.001743
v -16.885429 22.431536 17.001743
v -16.885429 22.431536 12.751744
v -16.885387 3.681537 12.751741
v -16.885386 3.681540 -4.248260
v -16.885422 18.681538 -4.248257
v -16.885422 18.681536 12.751743
v -16.885386 3.681538 4.251740
v -16.885403 11.181538 4.251742
v -16.885403 11.181537 12.751742
v -16.885386 3.681541 -12.748259
v -16.885378 -0.068458 -16.998260
v -16.885386 3.681542 -16.998260
v -16.885403 11.181540 -12.748258
v -16.885393 7.431542 -16.998259
v -16.885403 11.181541 -16.998259
v -16.885403 11.181540 -4.248258
v -16.885420 18.681540 -12.748257
v -16.885410 14.931541 -16.998259
v -16.885420 18.681540 -16.998257
v -16.885435 26.181540 -12.748256
v -16.885429 22.431540 -16.998257
v -16.885445 29.931540 -12.748255
v -16.885435 26.181540 -16.998257
v -16.885445 29.931540 -8.498255
v -16.885435 26.181538 -4.248256
v -16.885445 29.931538 -4.248255
v -16.885447 29.931538 0.001745
v -16.885422 18.681538 4.251743
v -16.885435 26.181538 4.251744
v -16.885447 29.931538 4.251745
v -16.885447 29.931536 8.501745
v -16.885437 26.181536 12.751744
v -16.885447 29.931536 12.751745
v -16.885447 29.931536 17.001745
v -16.885445 29.931540 -16.998255
s off
f 388 389 390
f 391 392 393
f 394 395 396
f 397 398 399
f 400 401 402
f 403 404 405
f 406 407 408
f 409 410 411
f 412 413 414
f 415 416 417
f 418 419 420
f 421 422 423
f 424 425 426
f 427 428 429
f 430 431 432
f 433 434 435
f 436 390 401
f 408 436 400
f 407 388 436
f 437 393 410
f 417 437 409
f 416 391 437
f 438 396 419
f 426 438 418
f 425 394 438
f 439 399 428
f 435 439 427
f 434 397 439
f 440 402 392
f 405 440 391
f 404 400 440
f 441 405 416
f 429 441 415
f 428 403 441
f 442 408 404
f 399 442 403
f 398 406 442
f 443 411 444
f 414 443 445
f 413 409 443
f 446 414 447
f 420 446 448
f 419 412 446
f 449 417 413
f 396 449 412
f 395 415 449
f 450 420 451
f 423 450 452
f 422 418 450
f 453 423 454
f 455 453 456
f 457 421 453
f 458 426 422
f 459 458 421
f 460 424 458
f 461 429 395
f 432 461 394
f 431 427 461
f 462 432 425
f 463 462 424
f 464 430 462
f 465 435 431
f 466 465 430
f 467 433 465
f 436 388 390
f 437 391 393
f 438 394 396
f 439 397 399
f 440 400 402
f 441 403 405
f 442 406 408
f 443 409 411
f 446 412 414
f 449 415 417
f 450 418 420
f 453 421 423
f 458 424 426
f 461 427 429
f 462 430 432
f 465 433 435
f 400 436 401
f 404 408 400
f 408 407 436
f 409 437 410
f 413 417 409
f 417 416 437
f 418 438 419
f 422 426 418
f 426 425 438
f 427 439 428
f 431 435 427
f 435 434 439
f 391 440 392
f 416 405 391
f 405 404 440
f 415 441 416
f 395 429 415
f 429 428 441
f 403 442 404
f 428 399 403
f 399 398 442
f 445 443 444
f 447 414 445
f 414 413 443
f 448 446 447
f 451 420 448
f 420 419 446
f 412 449 413
f 419 396 412
f 396 395 449
f 452 450 451
f 454 423 452
f 423 422 450
f 456 453 454
f 468 455 456
f 455 457 453
f 421 458 422
f 457 459 421
f 459 460 458
f 394 461 395
f 425 432 394
f 432 431 461
f 424 462 425
f 460 463 424
f 463 464 462
f 430 465 431
f 464 466 430
f 466 467 465
o cube.000
v 2.310812 12.504236 -4.421170
v 2.310812 10.711028 -4.421170
v 0.570868 10.711028 -4.854986
v 1.443180 12.504234 -0.941282
v 1.443180 10.711025 -0.941282
v 1.876996 10.711026 -2.681226
v -2.036708 12.504234 -1.808914
v -2.036708 10.711025 -1.808914
v -0.296764 10.711025 -1.375098
v -1.169076 12.504237 -5.288802
v -1.169076 10.711028 -5.288802
v -1.602892 10.711028 -3.548858
v 1.876996 14.297445 -2.681225
v 2.310812 14.297447 -4.421169
v 0.570868 14.297447 -4.854986
v 0.570868 12.504237 -4.854986
v 1.876996 12.504234 -2.681226
v 1.443180 14.297444 -0.941281
v -0.296764 12.504234 -1.375098
v -0.296764 14.297444 -1.375097
v -2.036708 14.297445 -1.808913
v -1.602892 12.504236 -3.548858
v -1.602892 14.297447 -3.548856
v -1.169076 14.297447 -5.288801
v 0.137052 10.711028 -3.115042
v 0.137052 14.297447 -3.115041
s off
f 469 470 471
f 472 473 474
f 475 476 477
f 478 479 480
f 474 473 477
f 481 482 483
f 484 471 479
f 483 484 478
f 482 469 484
f 485 474 470
f 481 485 469
f 486 472 485
f 487 477 473
f 488 487 472
f 489 475 487
f 490 480 476
f 491 490 475
f 492 478 490
f 493 477 476
f 471 493 480
f 470 474 493
f 494 483 492
f 488 494 491
f 486 481 494
f 484 469 471
f 485 472 474
f 487 475 477
f 490 478 480
f 493 474 477
f 494 481 483
f 478 484 479
f 492 483 478
f 483 482 484
f 469 485 470
f 482 481 469
f 481 486 485
f 472 487 473
f 486 488 472
f 488 489 487
f 475 490 476
f 489 491 475
f 491 492 490
f 480 493 476
f 479 471 480
f 471 470 493
f 491 494 492
f 489 488 491
f 488 486 494
o Cube.002
v 1.000000 -1.000000 -1.000000
v 1.000000 -1.000000 1.000000
v -1.000000 -1.000000 1.000000
v -1.000000 -1.000000 -1.000000
v 1.000000 1.000000 -0.999999
v -1.000000 1.000000 -1.000000
v -1.000000 1.000000 1.000000
v 0.999999 1.000000 1.000001
s off
f 495 496 497 498
f 499 500 501 502
f 495 499 502 496
f 496 502 501 497
f 497 501 500 498
f 499 495 498 500
o Cube.008_Cube.010
v 10.721994 1.663558 -3.051742
v 10.721994 -0.129652 -3.051742
v 8.982051 -0.129649 -3.485558
v 9.854362 1.663558 0.428146
v 9.854362 -0.129652 0.428146
v 10.288178 -0.129652 -1.311798
v 6.374475 1.663558 -0.439486
v 6.374475 -0.129652 -0.439486
v 8.114419 -0.129652 -0.005670
v 7.242107 1.663561 -3.919374
v 7.242107 -0.129649 -3.919374
v 6.808291 -0.129652 -2.179430
v 10.288178 3.456768 -1.311795
v 10.721994 3.456769 -3.051742
v 8.982051 3.456769 -3.485558
v 8.982051 1.663561 -3.485558
v 10.288178 1.663558 -1.311798
v 9.854362 3.456768 0.428149
v 8.114419 1.663558 -0.005670
v 8.114419 3.456768 -0.005667
v 6.374475 3.456768 -0.439483
v 6.808291 1.663558 -2.179430
v 6.808291 3.456768 -2.179430
v 7.242107 3.456771 -3.919374
v 8.548235 -0.129652 -1.745614
v 8.548235 3.456768 -1.745611
s off
f 503 504 505
f 506 507 508
f 509 510 511
f 512 513 514
f 508 507 511
f 515 516 517
f 518 505 513
f 517 518 512
f 516 503 518
f 519 508 504
f 515 519 503
f 520 506 519
f 521 511 507
f 522 521 506
f 523 509 521
f 524 514 510
f 525 524 509
f 526 512 524
f 527 511 510
f 505 527 514
f 504 508 527
f 528 517 526
f 523 522 528
f 520 515 528
f 518 503 505
f 519 506 508
f 521 509 511
f 524 512 514
f 527 508 511
f 528 515 517
f 512 518 513
f 526 517 512
f 517 516 518
f 503 519 504
f 516 515 503
f 515 520 519
f 506 521 507
f 520 522 506
f 522 523 521
f 509 524 510
f 523 525 509
f 525 526 524
f 514 527 510
f 513 505 514
f 505 504 527
f 525 528 526
f 525 523 528
f 522 520 528
o wall_Grid.000
v 17.096586 3.819546 -16.864038
v 17.096586 0.069546 -16.864046
v 12.846587 0.069546 -16.864046
v 0.096587 3.819546 -16.864038
v 0.096587 0.069546 -16.864046
v -4.153413 0.069546 -16.864046
v 0.096587 18.819544 -16.863998
v 0.096587 15.069546 -16.864012
v -4.153413 15.069546 -16.864012
v 17.096586 18.819544 -16.863998
v 17.096586 15.069546 -16.864012
v 12.846587 15.069546 -16.864012
v 8.596587 3.819546 -16.864038
v 8.596587 0.069546 -16.864046
v 4.346587 0.069546 -16.864046
v 8.596587 11.319546 -16.864019
v 8.596587 7.569546 -16.864027
v 4.346587 7.569546 -16.864027
v 17.096586 11.319546 -16.864019
v 17.096586 7.569546 -16.864027
v 12.846587 7.569546 -16.864027
v -8.403413 3.819546 -16.864038
v -8.403413 0.069546 -16.864046
v -12.653413 0.069546 -16.864046
v -8.403413 11.319546 -16.864019
v -8.403413 7.569546 -16.864027
v -12.653413 7.569546 -16.864027
v 0.096587 11.319546 -16.864019
v 0.096587 7.569546 -16.864027
v -4.153413 7.569546 -16.864027
v -8.403413 18.819544 -16.863998
v -8.403413 15.069546 -16.864012
v -12.653413 15.069546 -16.864012
v -8.403413 26.319544 -16.863985
v -8.403413 22.569544 -16.863991
v -12.653413 22.569544 -16.863991
v 0.096587 26.319544 -16.863985
v 0.096587 22.569544 -16.863991
v -4.153413 22.569544 -16.863991
v 8.596587 18.819544 -16.863998
v 8.596587 15.069546 -16.864012
v 4.346587 15.069546 -16.864012
v 8.596587 26.319544 -16.863985
v 8.596587 22.569544 -16.863991
v 4.346587 22.569544 -16.863991
v 17.096586 26.319544 -16.863985
v 17.096586 22.569544 -16.863991
v 12.846587 22.569544 -16.863991
v 12.846587 3.819546 -16.864038
v -4.153413 3.819546 -16.864038
v -4.153413 18.819544 -16.863998
v 12.846587 18.819544 -16.863998
v 4.346587 3.819546 -16.864038
v 4.346587 11.319546 -16.864019
v 12.846587 11.319546 -16.864019
v -12.653413 3.819546 -16.864038
v -16.903414 0.069546 -16.864046
v -16.903414 3.819546 -16.864038
v -12.653413 11.319546 -16.864019
v -16.903414 7.569546 -16.864027
v -16.903414 11.319546 -16.864019
v -4.153413 11.319546 -16.864019
v -12.653413 18.819544 -16.863998
v -16.903414 15.069546 -16.864012
v -16.903414 18.819544 -16.863998
v -12.653413 26.319544 -16.863985
v -16.903414 22.569544 -16.863991
v -12.653413 30.069544 -16.863972
v -16.903414 26.319544 -16.863985
v -8.403413 30.069544 -16.863972
v -4.153413 26.319544 -16.863985
v -4.153413 30.069544 -16.863972
v 0.096587 30.069544 -16.863972
v 4.346587 18.819544 -16.863998
v 4.346587 26.319544 -16.863985
v 4.346587 30.069544 -16.863972
v 8.596587 30.069544 -16.863972
v 12.846587 26.319544 -16.863985
v 12.846587 30.069544 -16.863972
v 17.096586 30.069544 -16.863972
v -16.903414 30.069544 -16.863972
s off
f 529 530 531
f 532 533 534
f 535 536 537
f 538 539 540
f 541 542 543
f 544 545 546
f 547 548 549
f 550 551 552
f 553 554 555
f 556 557 558
f 559 560 561
f 562 563 564
f 565 566 567
f 568 569 570
f 571 572 573
f 574 575 576
f 577 531 542
f 549 577 541
f 548 529 577
f 578 534 551
f 558 578 550
f 557 532 578
f 579 537 560
f 567 579 559
f 566 535 579
f 580 540 569
f 576 580 568
f 575 538 580
f 581 543 533
f 546 581 532
f 545 541 581
f 582 546 557
f 570 582 556
f 569 544 582
f 583 549 545
f 540 583 544
f 539 547 583
f 584 552 585
f 555 584 586
f 554 550 584
f 587 555 588
f 561 587 589
f 560 553 587
f 590 558 554
f 537 590 553
f 536 556 590
f 591 561 592
f 564 591 593
f 563 559 591
f 594 564 595
f 596 594 597
f 598 562 594
f 599 567 563
f 600 599 562
f 601 565 599
f 602 570 536
f 573 602 535
f 572 568 602
f 603 573 566
f 604 603 565
f 605 571 603
f 606 576 572
f 607 606 571
f 608 574 606
f 577 529 531
f 578 532 534
f 579 535 537
f 580 538 540
f 581 541 543
f 582 544 546
f 583 547 549
f 584 550 552
f 587 553 555
f 590 556 558
f 591 559 561
f 594 562 564
f 599 565 567
f 602 568 570
f 603 571 573
f 606 574 576
f 541 577 542
f 545 549 541
f 549 548 577
f 550 578 551
f 554 558 550
f 558 557 578
f 559 579 560
f 563 567 559
f 567 566 579
f 568 580 569
f 572 576 568
f 576 575 580
f 532 581 533
f 557 546 532
f 546 545 581
f 556 582 557
f 536 570 556
f 570 569 582
f 544 583 545
f 569 540 544
f 540 539 583
f 586 584 585
f 588 555 586
f 555 554 584
f 589 587 588
f 592 561 589
f 561 560 587
f 553 590 554
f 560 537 553
f 537 536 590
f 593 591 592
f 595 564 593
f 564 563 591
f 597 594 595
f 609 596 597
f 596 598 594
f 562 599 563
f 598 600 562
f 600 601 599
f 535 602 536
f 566 573 535
f 573 572 602
f 565 603 566
f 601 604 565
f 604 605 603
f 571 606 572
f 605 607 571
f 607 608 606
o Cube.006_Cube.008
v 6.427814 1.663558 -3.051742
v 6.427814 -0.129652 -3.051742
v 4.687871 -0.129649 -3.485558
v 5.560183 1.663558 0.428146
v 5.560183 -0.129652 0.428146
v 5.993999 -0.129652 -1.311798
v 2.080295 1.663558 -0.439486
v 2.080295 -0.129652 -0.439486
v 3.820239 -0.129652 -0.005670
v 2.947927 1.663561 -3.919374
v 2.947927 -0.129649 -3.919374
v 2.514111 -0.129652 -2.179430
v 5.993999 3.456768 -1.311795
v 6.427814 3.456769 -3.051742
v 4.687871 3.456769 -3.485558
v 4.687871 1.663561 -3.485558
v 5.993999 1.663558 -1.311798
v 5.560183 3.456768 0.428149
v 3.820239 1.663558 -0.005670
v 3.820239 3.456768 -0.005667
v 2.080295 3.456768 -0.439483
v 2.514111 1.663558 -2.179430
v 2.514111 3.456768 -2.179430
v 2.947927 3.456771 -3.919374
v 4.254055 -0.129652 -1.745614
v 4.254055 3.456768 -1.745611
s off
f 610 611 612
f 613 614 615
f 616 617 618
f 619 620 621
f 615 614 618
f 622 623 624
f 625 612 620
f 624 625 619
f 623 610 625
f 626 615 611
f 622 626 610
f 627 613 626
f 628 618 614
f 629 628 613
f 630 616 628
f 631 621 617
f 632 631 616
f 633 619 631
f 634 618 617
f 620 612 634
f 611 615 634
f 632 635 624
f 629 635 632
f 627 622 635
f 625 610 612
f 626 613 615
f 628 616 618
f 631 619 621
f 634 615 618
f 635 622 624
f 619 625 620
f 633 624 619
f 624 623 625
f 610 626 611
f 623 622 610
f 622 627 626
f 613 628 614
f 627 629 613
f 629 630 628
f 616 631 617
f 630 632 616
f 632 633 631
f 621 634 617
f 621 620 634
f 612 611 634
f 633 632 624
f 630 629 632
f 629 627 635
o Cube.009_Cube.011
v 9.758690 1.663558 1.362425
v 9.758690 -0.129652 1.362425
v 8.018745 -0.129652 0.928609
v 8.891058 1.663555 4.842312
v 8.891058 -0.129655 4.842312
v 9.324874 -0.129655 3.102368
v 5.411170 1.663555 3.974680
v 5.411170 -0.129655 3.974680
v 7.151114 -0.129655 4.408496
v 6.278802 1.663558 0.494793
v 6.278802 -0.129652 0.494793
v 5.844986 -0.129652 2.234736
v 9.324874 3.456768 3.102371
v 9.758690 3.456768 1.362428
v 8.018745 3.456768 0.928612
v 8.018745 1.663558 0.928609
v 9.324874 1.663558 3.102368
v 8.891058 3.456765 4.842312
v 7.151114 1.663555 4.408496
v 7.151114 3.456765 4.408496
v 5.411170 3.456765 3.974680
v 5.844986 1.663558 2.234736
v 5.844986 3.456768 2.234736
v 6.278802 3.456768 0.494796
v 7.584930 -0.129652 2.668552
v 7.584930 3.456768 2.668552
s off
f 636 637 638
f 639 640 641
f 642 643 644
f 645 646 647
f 641 640 644
f 648 649 650
f 651 638 646
f 650 651 645
f 649 636 651
f 652 641 637
f 648 652 636
f 653 639 652
f 654 644 640
f 655 654 639
f 656 642 654
f 657 647 643
f 658 657 642
f 659 645 657
f 660 644 643
f 646 638 660
f 637 641 660
f 658 661 650
f 656 655 661
f 653 648 661
f 651 636 638
f 652 639 641
f 654 642 644
f 657 645 647
f 660 641 644
f 661 648 650
f 645 651 646
f 659 650 645
f 650 649 651
f 636 652 637
f 649 648 636
f 648 653 652
f 639 654 640
f 653 655 639
f 655 656 654
f 642 657 643
f 656 658 642
f 658 659 657
f 647 660 643
f 647 646 660
f 638 637 660
f 659 658 650
f 658 656 661
f 655 653 661
o Cube
v 1.000000 -1.000000 -1.000000
v 1.000000 -1.000000 1.000000
v -1.000000 -1.000000 1.000000
v -1.000000 -1.000000 -1.000000
v 1.000000 1.000000 -0.999999
v 0.999999 1.000000 1.000001
v -1.000000 1.000000 1.000000
v -1.000000 1.000000 -1.000000
s off
f 662 663 664 665
f 666 669 668 667
f 662 666 667 663
f 663 667 668 664
f 664 668 669 665
f 666 662 665 669
